307200000S
           0            0
        1271            1
        3671            1
       94059            1
      156093            1
      170296            1
       50697            1
        3101            1
       -1271           -1
        2986            1
        4585            1
       -3671           -1
      179759            1
        4194            1
       20332            1
       20392            1
       13266            1
      -94059           -1
       10325            1
       25210            1
       20391            1
       22127            1
        3308            1
        5180            1
        5180            1
        3215            1
     -707062          -16
        6271            1
        1780            1
        2952            1
        5200            1
        3215            1
        6195            1
       21060            1
        2783            1
      300660            1
    38440893            1
     4721798            1
     4708548            1
     4711466            1
       66600            1
        3675            1
        3720            1
        3085            1
       79929            1
      -13575           -3
        1753            1
        2057            1
        5144            1
        4590            1
        3095            1
      140127            1
        3091            1
        4738            1
        9666            1
      -16203           -4
        1913            1
       -9410           -2
        6006            1
       22026            1
        3974            1
     -324503           -3
