307200000S
           0            0
        2610            1
        1266            1
        2626            1
        2506            1
        3839            1
        2518            1
        2524            1
        3466            1
        2760            1
        3400            1
        3839            1
        2479            1
        3821            1
        2515            1
        3812            1
        3812            1
        2794            1
        3024            1
        2803            1
        3933            1
        2765            1
        3868            1
        3839            1
        5986            1
        3839            1
        5183            1
        3788            1
        5598            1
        5156            1
        5819            1
        5819            1
        6445            1
        6448            1
        6448            1
        6315            1
        6315            1
        5797            1
        5795            1
