307200000S
           0            0
        2666            1
        1254            1
        4056            1
        4056            1
        3784            1
        4050            1
        3784            1
        4059            1
        3784            1
        4059            1
        3784            1
        4050            1
        3936            1
        3947            1
        3936            1
        4233            1
        4331            1
        4233            1
        4233            1
        4331            1
        4233            1
        4184            1
